227321457078697984.000000100
218468051320963074.000000100
316900185856933888.000003433
200844341277622273.000000100
278751838965334016.000000100
285631526161350657.000000100
267450826178428938.000000100
164904561641914369.000000100
314882657932541954.000000100
215210707459899393.000000100
179032021249687553.000000100
299288258830139393.000000100
284514265140953088.000000100
162160764184952832.000000100
231182620497543168.000000100
290025957132206080.000000100
105481724430921728.000000100
281217369437896705.000000100
327671144708833281.000000100
212595132019638273.000000100
292488155435892740.000000100
264533303212769280.000000100
246897950373052417.000000100
328609256603516930.000000600
212359745279885312.000000100
266747927869915146.000000100
128538117954207744.000000100
296873220995284992.000000100
295009832036073484.000000100
277270032327639040.000000100
222476790986309633.000000100
222538756261937152.000000100
121802862777991170.000000100
309015883659870211.000000100
89991729486245888.001796802
185446317005209601.000000100
303927103085215756.000000100
293660948248526848.000000100
127516099838214145.000000100
191929585972150272.000000100
263834371746693140.000000100
285550442484858881.000000100
138186698315005952.000000600
323361317521981450.000000100
220511592121499648.000000100
306999352994562048.000000100
212402356787085312.000000100
226484504540348417.000000100
295649471318982656.000000100
107491213434687488.000000100
258048229801721856.000000100
276142915246358528.000000100
187013842532827136.000005011
233038393523568640.005001100
99257575362564096.000000100
187049264046669824.000000100
259160269492584449.000000100
275722056900018188.000000100
254096343214194688.000000100
283462947433480194.000000600
210628530545885185.000201649








